# q/kF, 1/epsilon(ThomasFermi), 1/epsilon(Lindhard)
0.01 5.01812798735e-05 5.01816980355e-05
0.06 0.00180335875568 0.00180389904675
0.11 0.00603559002881 0.00604164892418
0.16 0.012684099045 0.0127109060583
0.21 0.0216518761277 0.0217301785437
0.26 0.0328111538508 0.0329915200659
0.31 0.0460078275544 0.0463637612255
0.36 0.0610665441566 0.0616962855996
0.41 0.0777961610996 0.0788231576065
0.46 0.0959952818954 0.0975674058115
0.51 0.115457602291 0.117745275804
0.56 0.135976845779 0.139170288703
0.61 0.1573511222 0.161656971373
0.66 0.1793866016 0.185024158942
0.71 0.201900451583 0.209097805804
0.76 0.224723035473 0.233713275009
0.81 0.247699408217 0.258717105663
0.86 0.270690175769 0.283968282362
0.91 0.293571802076 0.309339049142
0.96 0.316236456752 0.334715323068
1.01 0.338591497872 0.359996769985
1.06 0.360558679834 0.385096607905
1.11 0.382073167895 0.409941203225
1.16 0.403082430297 0.434469522417
1.21 0.423545067295 0.458632498205
1.26 0.443429624819 0.482392365718
1.31 0.462713429636 0.505722021722
1.36 0.481381473216 0.528604460342
1.41 0.499425363152 0.551032343514
1.46 0.516842354111 0.573007776867
1.51 0.533634464721 0.594542387176
1.56 0.549807682532 0.615657846352
1.61 0.56537125595 0.63638708017
1.66 0.580337069778 0.656776583826
1.71 0.59471909941 0.67689065062
1.76 0.608532937808 0.696819191573
1.81 0.621795388871 0.716693036846
1.86 0.634524120665 0.736717191684
1.91 0.646737372081 0.757257385984
1.96 0.658453706759 0.779160040783
2.01 0.669691808496 0.806946481009
2.06 0.680470312807 0.829509010744
2.11 0.690807669779 0.847179894595
2.16 0.70072203386 0.862106134466
2.21 0.710231176678 0.875021608799
2.26 0.719352419449 0.886339341419
2.31 0.728102581946 0.896337259691
2.36 0.736497945393 0.905220433232
2.41 0.744554226984 0.913148564467
2.46 0.752286564047 0.920250345025
2.51 0.759709506167 0.92663187648
2.56 0.766837013787 0.932382052202
2.61 0.773682462073 0.937576229225
2.66 0.780258648971 0.94227886292
2.71 0.786577806577 0.946545472775
2.76 0.792651615068 0.950424154405
2.81 0.798491218579 0.953956770529
2.86 0.80410724248 0.957179906801
2.91 0.809509811654 0.960125650405
2.96 0.814708569383 0.96282223189
3.01 0.819712696585 0.96529455942
3.06 0.824530931137 0.967564667026
3.11 0.829171587107 0.969652093234
3.16 0.833642573743 0.971574202697
3.21 0.83795141409 0.973346460736
3.26 0.842105263158 0.974982668699
3.31 0.846110925551 0.97649516648
3.36 0.849974872527 0.97789500738
3.41 0.853703258442 0.979192109546
3.46 0.857301936549 0.980395387493
3.51 0.860776474164 0.981512866636
3.56 0.864132167166 0.982551783249
3.61 0.867374053854 0.983518671929
3.66 0.870506928164 0.984419442272
3.71 0.873535352253 0.985259446238
3.76 0.876463668474 0.986043537447
3.81 0.879296010758 0.986776123478
3.86 0.882036315416 0.987461212064
3.91 0.884688331397 0.988102451982
3.96 0.887255630005 0.9887031693
4.01 0.889741614113 0.989266399557
4.06 0.892149526893 0.98979491638
4.11 0.894482460077 0.990291256979
4.16 0.896743361777 0.990757744877
4.21 0.89893504389 0.991196510216
4.26 0.901060189099 0.991609507925
4.31 0.903121357495 0.991998533983
4.36 0.905120992845 0.992365240015
4.41 0.907061428516 0.992711146387
4.46 0.90894489308 0.993037653994
4.51 0.910773515607 0.993346054862
4.56 0.912549330683 0.993637541705
4.61 0.914274283145 0.993913216556
4.66 0.915950232566 0.994174098554
4.71 0.917578957491 0.994421130995
4.76 0.919162159449 0.994655187713
4.81 0.920701466745 0.994877078863
4.86 0.922198438054 0.995087556171
4.91 0.923654565813 0.995287317697
4.96 0.925071279439 0.995477012173
5.01 0.926449948372 0.995657242945
5.06 0.927791884955 0.995828571565
5.11 0.929098347167 0.995991521071
5.16 0.930370541201 0.996146578973
5.21 0.93160962392 0.996294199988
5.26 0.932816705172 0.996434808537
5.31 0.933992849991 0.996568801027
5.36 0.935139080683 0.996696547952
5.41 0.936256378801 0.996818395804
5.46 0.937345687018 0.99693466884
5.51 0.938407910913 0.997045670696
5.56 0.93944392065 0.997151685872
5.61 0.940454552586 0.997252981103
5.66 0.941440610786 0.997349806608
5.71 0.942402868475 0.997442397257
5.76 0.943342069404 0.997530973634
5.81 0.944258929152 0.997615743023
5.86 0.94515413637 0.997696900317
5.91 0.946028353955 0.997774628858
5.96 0.946882220168 0.997849101214
6.01 0.947716349702 0.997920479893
6.06 0.948531334691 0.997988918015
6.11 0.949327745677 0.998054559921
6.16 0.950106132526 0.998117541745
6.21 0.9508670253 0.998177991947
6.26 0.95161093509 0.998236031799
6.31 0.952338354807 0.998291775846
6.36 0.953049759939 0.998345332323
6.41 0.953745609265 0.998396803557
6.46 0.954426345548 0.998446286326
6.51 0.955092396182 0.998493872206
6.56 0.955744173819 0.998539647884
6.61 0.956382076961 0.998583695458
6.66 0.957006490533 0.998626092709
6.71 0.957617786418 0.998666913362
6.76 0.958216323978 0.998706227325
6.81 0.958802450548 0.998744100911
6.86 0.959376501905 0.998780597052
6.91 0.959938802723 0.998815775491
6.96 0.960489666997 0.998849692967
7.01 0.961029398463 0.998882403389
7.06 0.961558290984 0.998913957991
7.11 0.962076628932 0.998944405488
7.16 0.962584687544 0.998973792211
7.21 0.963082733268 0.999002162247
7.26 0.963571024094 0.999029557554
7.31 0.964049809869 0.999056018086
7.36 0.964519332595 0.999081581894
7.41 0.964979826725 0.999106285235
7.46 0.965431519435 0.999130162665
7.51 0.965874630894 0.999153247131
7.56 0.966309374513 0.999175570054
7.61 0.966735957192 0.999197161412
7.66 0.967154579556 0.999218049815
7.71 0.967565436174 0.999238262572
7.76 0.967968715779 0.999257825764
7.81 0.968364601471 0.999276764304
7.86 0.968753270916 0.999295101995
7.91 0.969134896537 0.999312861588
7.96 0.969509645696 0.999330064834
8.01 0.969877680868 0.999346732537
8.06 0.97023915981 0.999362884595
8.11 0.970594235722 0.999378540051
8.16 0.970943057404 0.999393717129
8.21 0.971285769404 0.999408433279
8.26 0.971622512159 0.999422705212
8.31 0.971953422139 0.999436548936
8.36 0.972278631972 0.999449979788
8.41 0.972598270577 0.99946301247
8.46 0.972912463285 0.999475661073
8.51 0.973221331955 0.999487939113
8.56 0.973524995092 0.999499859552
8.61 0.973823567951 0.999511434824
8.66 0.974117162646 0.999522676865
8.71 0.974405888248 0.999533597129
8.76 0.974689850886 0.999544206613
8.81 0.97496915384 0.99955451588
8.86 0.975243897629 0.999564535074
8.91 0.9755141801 0.999574273942
8.96 0.975780096513 0.99958374185
9.01 0.97604173962 0.999592947801
9.06 0.976299199745 0.999601900452
9.11 0.976552564856 0.999610608127
9.16 0.976801920644 0.999619078831
9.21 0.977047350584 0.999627320266
9.26 0.97728893601 0.999635339846
9.31 0.977526756178 0.999643144702
9.36 0.977760888326 0.999650741702
9.41 0.977991407739 0.999658137459
9.46 0.978218387805 0.99966533834
9.51 0.978441900073 0.999672350479
9.56 0.978662014306 0.999679179785
9.61 0.978878798534 0.999685831954
9.66 0.979092319109 0.999692312474
9.71 0.979302640746 0.999698626636
9.76 0.979509826579 0.999704779542
9.81 0.979713938202 0.999710776112
9.86 0.979915035715 0.999716621092
9.91 0.980113177767 0.999722319061
9.96 0.980308421598 0.999727874435
10.01 0.980500823077 0.99973329148
10.06 0.980690436743 0.999738574309
10.11 0.980877315843 0.999743726896
10.16 0.981061512366 0.999748753079
10.21 0.981243077079 0.999753656562
10.26 0.981422059565 0.999758440924
10.31 0.981598508248 0.999763109624
10.36 0.981772470432 0.999767666002
10.41 0.981943992329 0.999772113288
10.46 0.982113119088 0.999776454603
10.51 0.982279894827 0.999780692965
10.56 0.982444362657 0.999784831291
10.61 0.982606564714 0.999788872404
10.66 0.98276654218 0.999792819031
10.71 0.982924335313 0.999796673813
10.76 0.983079983468 0.999800439306
10.81 0.983233525125 0.999804117979
10.86 0.983384997908 0.999807712227
10.91 0.983534438612 0.999811224365
10.96 0.98368188322 0.999814656634
11.01 0.983827366927 0.999818011206
11.06 0.983970924161 0.999821290183
11.11 0.984112588601 0.9998244956
11.16 0.984252393199 0.999827629431
11.21 0.984390370194 0.999830693587
11.26 0.984526551135 0.999833689919
11.31 0.984660966898 0.999836620221
11.36 0.984793647699 0.999839486233
11.41 0.984924623116 0.999842289641
11.46 0.985053922101 0.99984503208
11.51 0.985181572999 0.999847715135
11.56 0.98530760356 0.999850340343
11.61 0.985432040956 0.999852909194
11.66 0.985554911796 0.999855423137
11.71 0.985676242135 0.999857883572
11.76 0.985796057496 0.999860291862
11.81 0.985914382874 0.999862649329
11.86 0.986031242754 0.999864957254
11.91 0.986146661126 0.999867216881
11.96 0.986260661488 0.999869429421
12.01 0.986373266869 0.999871596045
12.06 0.986484499829 0.999873717893
12.11 0.98659438248 0.999875796071
12.16 0.986702936491 0.999877831654
12.21 0.986810183101 0.999879825686
12.26 0.986916143126 0.99988177918
12.31 0.987020836973 0.999883693123
12.36 0.987124284649 0.999885568471
12.41 0.987226505766 0.999887406156
12.46 0.987327519555 0.999889207082
12.51 0.987427344874 0.999890972127
12.56 0.987526000215 0.999892702147
12.61 0.987623503713 0.999894397973
12.66 0.987719873155 0.999896060413
12.71 0.987815125986 0.999897690254
12.76 0.987909279321 0.999899288258
12.81 0.988002349948 0.999900855171
12.86 0.988094354337 0.999902391715
12.91 0.988185308647 0.999903898595
12.96 0.988275228734 0.999905376495
13.01 0.988364130158 0.999906826082
13.06 0.988452028186 0.999908248004
13.11 0.988538937804 0.999909642893
13.16 0.988624873718 0.999911011363
13.21 0.988709850364 0.999912354014
13.26 0.988793881913 0.999913671427
13.31 0.988876982274 0.99991496417
13.36 0.988959165104 0.999916232795
13.41 0.989040443811 0.999917477841
13.46 0.98912083156 0.999918699832
13.51 0.989200341277 0.999919899278
13.56 0.989278985658 0.999921076677
13.61 0.989356777168 0.999922232513
13.66 0.989433728051 0.999923367259
13.71 0.989509850333 0.999924481376
13.76 0.989585155825 0.999925575311
13.81 0.989659656131 0.999926649502
13.86 0.989733362649 0.999927704375
13.91 0.989806286577 0.999928740346
13.96 0.989878438917 0.99992975782
14.01 0.98994983048 0.999930757192
14.06 0.990020471886 0.999931738847
14.11 0.990090373575 0.999932703161
14.16 0.990159545804 0.999933650501
14.21 0.990227998653 0.999934581223
14.26 0.990295742031 0.999935495676
14.31 0.990362785677 0.999936394202
14.36 0.990429139163 0.99993727713
14.41 0.990494811899 0.999938144787
14.46 0.990559813136 0.999938997486
14.51 0.990624151969 0.999939835537
14.56 0.990687837339 0.999940659242
14.61 0.990750878038 0.999941468893
14.66 0.990813282711 0.999942264777
14.71 0.990875059859 0.999943047175
14.76 0.990936217842 0.99994381636
14.81 0.990996764881 0.999944572599
14.86 0.991056709061 0.999945316152
14.91 0.991116058337 0.999946047275
14.96 0.991174820531 0.999946766216
15.01 0.991233003337 0.999947473217
15.06 0.991290614325 0.999948168516
15.11 0.991347660942 0.999948852344
15.16 0.991404150514 0.999949524929
15.21 0.991460090249 0.999950186491
15.26 0.99151548724 0.999950837246
15.31 0.991570348465 0.999951477406
15.36 0.991624680791 0.999952107176
15.41 0.991678490976 0.99995272676
15.46 0.991731785671 0.999953336353
15.51 0.99178457142 0.999953936149
15.56 0.991836854665 0.999954526335
15.61 0.991888641748 0.999955107097
15.66 0.991939938909 0.999955678615
15.71 0.991990752292 0.999956241063
15.76 0.992041087945 0.999956794615
15.81 0.992090951821 0.99995733944
15.86 0.992140349784 0.9999578757
15.91 0.992189287603 0.999958403559
15.96 0.992237770962 0.999958923172
16.01 0.992285805454 0.999959434695
16.06 0.992333396591 0.999959938278
16.11 0.992380549797 0.999960434068
16.16 0.992427270415 0.999960922211
16.21 0.992473563708 0.999961402846
16.26 0.992519434857 0.999961876112
16.31 0.992564888967 0.999962342145
16.36 0.992609931065 0.999962801076
16.41 0.992654566104 0.999963253035
16.46 0.992698798962 0.99996369815
16.51 0.992742634444 0.999964136543
16.56 0.992786077284 0.999964568337
16.61 0.992829132147 0.99996499365
16.66 0.992871803627 0.999965412598
16.71 0.992914096252 0.999965825296
16.76 0.992956014483 0.999966231856
16.81 0.992997562716 0.999966632386
16.86 0.993038745282 0.999967026994
16.91 0.993079566449 0.999967415784
16.96 0.993120030425 0.999967798859
17.01 0.993160141354 0.999968176319
17.06 0.993199903323 0.999968548264
17.11 0.993239320358 0.999968914789
17.16 0.993278396429 0.999969275989
17.21 0.993317135448 0.999969631956
17.26 0.993355541271 0.999969982782
17.31 0.993393617701 0.999970328555
17.36 0.993431368485 0.999970669362
17.41 0.993468797318 0.999971005289
17.46 0.993505907842 0.99997133642
17.51 0.993542703649 0.999971662835
17.56 0.993579188279 0.999971984616
17.61 0.993615365225 0.999972301842
17.66 0.993651237928 0.999972614589
17.71 0.993686809783 0.999972922933
17.76 0.993722084139 0.999973226949
17.81 0.993757064295 0.999973526709
17.86 0.993791753509 0.999973822284
17.91 0.99382615499 0.999974113745
17.96 0.993860271907 0.99997440116
18.01 0.993894107381 0.999974684595
18.06 0.993927664495 0.999974964118
18.11 0.993960946286 0.999975239793
18.16 0.993993955753 0.999975511683
18.21 0.994026695852 0.99997577985
18.26 0.9940591695 0.999976044356
18.31 0.994091379576 0.999976305259
18.36 0.994123328918 0.99997656262
18.41 0.994155020327 0.999976816495
18.46 0.994186456567 0.999977066942
18.51 0.994217640365 0.999977314015
18.56 0.99424857441 0.999977557768
18.61 0.994279261359 0.999977798256
18.66 0.99430970383 0.999978035531
18.71 0.994339904409 0.999978269643
18.76 0.994369865647 0.999978500644
18.81 0.994399590061 0.999978728583
18.86 0.994429080136 0.999978953508
18.91 0.994458338325 0.999979175468
18.96 0.994487367047 0.999979394509
19.01 0.994516168692 0.999979610677
19.06 0.994544745618 0.999979824016
19.11 0.994573100151 0.999980034573
19.16 0.99460123459 0.999980242389
19.21 0.994629151202 0.999980447508
19.26 0.994656852227 0.999980649971
19.31 0.994684339873 0.99998084982
19.36 0.994711616325 0.999981047094
19.41 0.994738683734 0.999981241835
19.46 0.99476554423 0.99998143408
19.51 0.99479219991 0.999981623869
19.56 0.99481865285 0.999981811238
19.61 0.994844905095 0.999981996224
19.66 0.994870958669 0.999982178864
19.71 0.994896815566 0.999982359194
19.76 0.994922477758 0.999982537248
19.81 0.994947947193 0.999982713061
19.86 0.994973225791 0.999982886666
19.91 0.994998315453 0.999983058097
19.96 0.995023218052 0.999983227386
20.01 0.995047935441 0.999983394566
20.06 0.995072469448 0.999983559668
20.11 0.995096821882 0.999983722722
20.16 0.995120994525 0.99998388376
20.21 0.99514498914 0.99998404281
20.26 0.995168807469 0.999984199903
20.31 0.995192451231 0.999984355068
20.36 0.995215922126 0.999984508331
20.41 0.995239221831 0.999984659723
20.46 0.995262352005 0.999984809269
20.51 0.995285314287 0.999984956996
20.56 0.995308110293 0.999985102933
20.61 0.995330741625 0.999985247103
20.66 0.99535320986 0.999985389533
20.71 0.995375516561 0.999985530248
20.76 0.995397663269 0.999985669273
20.81 0.995419651509 0.999985806632
20.86 0.995441482787 0.999985942349
20.91 0.99546315859 0.999986076447
20.96 0.99548468039 0.99998620895
21.01 0.99550604964 0.99998633988
21.06 0.995527267775 0.99998646926
21.11 0.995548336215 0.999986597111
21.16 0.995569256364 0.999986723456
21.21 0.995590029606 0.999986848315
21.26 0.995610657313 0.999986971709
21.31 0.995631140839 0.99998709366
21.36 0.995651481523 0.999987214186
21.41 0.995671680686 0.999987333309
21.46 0.995691739639 0.999987451048
21.51 0.995711659673 0.999987567421
21.56 0.995731442066 0.999987682448
21.61 0.995751088082 0.999987796148
21.66 0.995770598969 0.999987908539
21.71 0.995789975963 0.999988019638
21.76 0.995809220283 0.999988129465
21.81 0.995828333137 0.999988238035
21.86 0.995847315718 0.999988345367
21.91 0.995866169205 0.999988451478
21.96 0.995884894765 0.999988556383
22.01 0.995903493551 0.999988660099
22.06 0.995921966702 0.999988762643
22.11 0.995940315347 0.99998886403
22.16 0.995958540601 0.999988964277
22.21 0.995976643565 0.999989063397
22.26 0.99599462533 0.999989161407
22.31 0.996012486974 0.999989258322
22.36 0.996030229563 0.999989354155
22.41 0.996047854151 0.999989448922
22.46 0.996065361781 0.999989542637
22.51 0.996082753485 0.999989635313
22.56 0.996100030282 0.999989726965
22.61 0.996117193181 0.999989817605
22.66 0.996134243179 0.999989907249
22.71 0.996151181264 0.999989995907
22.76 0.996168008411 0.999990083594
22.81 0.996184725586 0.999990170323
22.86 0.996201333744 0.999990256105
22.91 0.996217833829 0.999990340953
22.96 0.996234226776 0.99999042488
23.01 0.99625051351 0.999990507897
23.06 0.996266694944 0.999990590016
23.11 0.996282771984 0.999990671249
23.16 0.996298745524 0.999990751606
23.21 0.99631461645 0.999990831101
23.26 0.996330385638 0.999990909743
23.31 0.996346053954 0.999990987544
23.36 0.996361622256 0.999991064513
23.41 0.996377091393 0.999991140663
23.46 0.996392462203 0.999991216004
23.51 0.996407735517 0.999991290545
23.56 0.996422912157 0.999991364296
23.61 0.996437992937 0.999991437269
23.66 0.99645297866 0.999991509473
23.71 0.996467870124 0.999991580916
23.76 0.996482668115 0.99999165161
23.81 0.996497373415 0.999991721564
23.86 0.996511986793 0.999991790786
23.91 0.996526509015 0.999991859286
23.96 0.996540940836 0.999991927073
24.01 0.996555283004 0.999991994155
24.06 0.996569536258 0.999992060543
24.11 0.996583701332 0.999992126243
24.16 0.99659777895 0.999992191265
24.21 0.996611769831 0.999992255618
24.26 0.996625674684 0.999992319308
24.31 0.996639494213 0.999992382345
24.36 0.996653229113 0.999992444737
24.41 0.996666880074 0.999992506491
24.46 0.996680447776 0.999992567616
24.51 0.996693932896 0.999992628118
24.56 0.996707336101 0.999992688006
24.61 0.996720658052 0.999992747287
24.66 0.996733899405 0.999992805968
24.71 0.996747060807 0.999992864057
24.76 0.996760142901 0.999992921561
24.81 0.99677314632 0.999992978486
24.86 0.996786071695 0.999993034841
24.91 0.996798919648 0.999993090631
24.96 0.996811690795 0.999993145863
25.01 0.996824385747 0.999993200545
25.06 0.996837005108 0.999993254682
25.11 0.996849549476 0.999993308282
25.16 0.996862019443 0.99999336135
25.21 0.996874415597 0.999993413893
25.26 0.996886738518 0.999993465917
25.31 0.996898988782 0.999993517429
25.36 0.996911166957 0.999993568434
25.41 0.996923273607 0.999993618938
25.46 0.996935309292 0.999993668947
25.51 0.996947274563 0.999993718467
25.56 0.99695916997 0.999993767504
25.61 0.996970996053 0.999993816064
25.66 0.99698275335 0.999993864151
25.71 0.996994442394 0.999993911772
25.76 0.99700606371 0.999993958931
25.81 0.99701761782 0.999994005635
25.86 0.997029105242 0.999994051888
25.91 0.997040526486 0.999994097696
25.96 0.99705188206 0.999994143064
26.01 0.997063172466 0.999994187997
26.06 0.9970743982 0.999994232499
26.11 0.997085559756 0.999994276577
26.16 0.997096657621 0.999994320234
26.21 0.997107692279 0.999994363475
26.26 0.997118664207 0.999994406306
26.31 0.997129573881 0.999994448731
26.36 0.997140421769 0.999994490754
26.41 0.997151208337 0.99999453238
26.46 0.997161934047 0.999994573614
26.51 0.997172599353 0.99999461446
26.56 0.997183204709 0.999994654922
26.61 0.997193750563 0.999994695005
26.66 0.997204237359 0.999994734713
26.71 0.997214665535 0.99999477405
26.76 0.997225035529 0.99999481302
26.81 0.997235347772 0.999994851627
26.86 0.99724560269 0.999994889876
26.91 0.997255800709 0.999994927771
26.96 0.997265942247 0.999994965315
27.01 0.997276027721 0.999995002512
27.06 0.997286057543 0.999995039366
27.11 0.997296032121 0.999995075881
27.16 0.99730595186 0.99999511206
27.21 0.99731581716 0.999995147908
27.26 0.99732562842 0.999995183428
27.31 0.997335386031 0.999995218623
27.36 0.997345090386 0.999995253497
27.41 0.997354741869 0.999995288054
27.46 0.997364340865 0.999995322297
27.51 0.997373887752 0.99999535623
27.56 0.997383382907 0.999995389855
27.61 0.997392826703 0.999995423177
27.66 0.997402219509 0.999995456198
27.71 0.997411561691 0.999995488921
27.76 0.997420853612 0.999995521351
27.81 0.997430095632 0.99999555349
27.86 0.997439288106 0.99999558534
27.91 0.997448431389 0.999995616907
27.96 0.99745752583 0.999995648191
28.01 0.997466571776 0.999995679197
28.06 0.997475569571 0.999995709927
28.11 0.997484519556 0.999995740384
28.16 0.997493422069 0.999995770572
28.21 0.997502277444 0.999995800493
28.26 0.997511086014 0.999995830149
28.31 0.997519848107 0.999995859544
28.36 0.99752856405 0.999995888681
28.41 0.997537234166 0.999995917561
28.46 0.997545858776 0.999995946189
28.51 0.997554438196 0.999995974566
28.56 0.997562972742 0.999996002695
28.61 0.997571462726 0.999996030579
28.66 0.997579908458 0.99999605822
28.71 0.997588310244 0.999996085621
28.76 0.997596668388 0.999996112784
28.81 0.997604983193 0.999996139712
28.86 0.997613254956 0.999996166407
28.91 0.997621483974 0.999996192871
28.96 0.99762967054 0.999996219108
29.01 0.997637814947 0.999996245119
29.06 0.997645917483 0.999996270907
29.11 0.997653978434 0.999996296474
29.16 0.997661998084 0.999996321822
29.21 0.997669976714 0.999996346953
29.26 0.997677914604 0.99999637187
29.31 0.997685812031 0.999996396576
29.36 0.997693669267 0.999996421071
29.41 0.997701486587 0.999996445358
29.46 0.997709264258 0.99999646944
29.51 0.99771700255 0.999996493318
29.56 0.997724701726 0.999996516994
29.61 0.99773236205 0.999996540471
29.66 0.997739983783 0.999996563751
29.71 0.997747567184 0.999996586835
29.76 0.997755112508 0.999996609725
29.81 0.99776262001 0.999996632424
29.86 0.997770089942 0.999996654933
29.91 0.997777522555 0.999996677255
29.96 0.997784918095 0.99999669939
30.01 0.997792276811 0.999996721342
30.06 0.997799598944 0.999996743111
30.11 0.997806884737 0.9999967647
30.16 0.99781413443 0.99999678611
30.21 0.997821348261 0.999996807344
30.26 0.997828526466 0.999996828402
30.31 0.997835669279 0.999996849287
30.36 0.997842776932 0.999996870001
30.41 0.997849849655 0.999996890544
30.46 0.997856887677 0.999996910919
30.51 0.997863891223 0.999996931128
30.56 0.99787086052 0.999996951171
30.61 0.997877795788 0.999996971051
30.66 0.997884697251 0.99999699077
30.71 0.997891565126 0.999997010328
30.76 0.997898399631 0.999997029727
30.81 0.997905200982 0.99999704897
30.86 0.997911969392 0.999997068057
30.91 0.997918705075 0.999997086989
30.96 0.99792540824 0.99999710577
31.01 0.997932079097 0.999997124399
31.06 0.997938717852 0.999997142878
31.11 0.997945324711 0.999997161209
31.16 0.997951899878 0.999997179393
31.21 0.997958443555 0.999997197432
31.26 0.997964955942 0.999997215327
31.31 0.99797143724 0.99999723308
31.36 0.997977887644 0.999997250691
31.41 0.997984307352 0.999997268162
31.46 0.997990696557 0.999997285495
31.51 0.997997055453 0.99999730269
31.56 0.99800338423 0.99999731975
31.61 0.998009683078 0.999997336675
31.66 0.998015952186 0.999997353466
31.71 0.99802219174 0.999997370125
31.76 0.998028401926 0.999997386654
31.81 0.998034582927 0.999997403052
31.86 0.998040734927 0.999997419323
31.91 0.998046858106 0.999997435466
31.96 0.998052952643 0.999997451483
32.01 0.998059018718 0.999997467375
32.06 0.998065056506 0.999997483143
32.11 0.998071066184 0.999997498789
32.16 0.998077047925 0.999997514314
32.21 0.998083001903 0.999997529718
32.26 0.998088928288 0.999997545003
32.31 0.998094827251 0.99999756017
32.36 0.99810069896 0.99999757522
32.41 0.998106543584 0.999997590154
32.46 0.998112361288 0.999997604974
32.51 0.998118152237 0.999997619679
32.56 0.998123916595 0.999997634272
32.61 0.998129654525 0.999997648754
32.66 0.998135366187 0.999997663124
32.71 0.998141051743 0.999997677385
32.76 0.998146711349 0.999997691538
32.81 0.998152345165 0.999997705583
32.86 0.998157953346 0.999997719521
32.91 0.998163536047 0.999997733353
32.96 0.998169093423 0.999997747081
33.01 0.998174625627 0.999997760705
33.06 0.998180132809 0.999997774226
33.11 0.998185615122 0.999997787645
33.16 0.998191072713 0.999997800963
33.21 0.998196505732 0.999997814181
33.26 0.998201914326 0.9999978273
33.31 0.998207298641 0.999997840321
33.36 0.998212658821 0.999997853244
33.41 0.998217995011 0.999997866071
33.46 0.998223307353 0.999997878802
33.51 0.99822859599 0.999997891438
33.56 0.998233861063 0.99999790398
33.61 0.99823910271 0.99999791643
33.66 0.99824432107 0.999997928786
33.71 0.998249516282 0.999997941052
33.76 0.998254688481 0.999997953227
33.81 0.998259837804 0.999997965312
33.86 0.998264964386 0.999997977307
33.91 0.998270068358 0.999997989215
33.96 0.998275149856 0.999998001035
34.01 0.998280209009 0.999998012768
34.06 0.998285245949 0.999998024416
34.11 0.998290260806 0.999998035978
34.16 0.998295253708 0.999998047455
34.21 0.998300224784 0.999998058849
34.26 0.998305174159 0.99999807016
34.31 0.998310101961 0.999998081389
34.36 0.998315008315 0.999998092536
34.41 0.998319893344 0.999998103602
34.46 0.998324757173 0.999998114588
34.51 0.998329599922 0.999998125495
34.56 0.998334421715 0.999998136323
34.61 0.998339222672 0.999998147073
34.66 0.998344002911 0.999998157745
34.71 0.998348762554 0.999998168341
34.76 0.998353501717 0.999998178861
34.81 0.998358220518 0.999998189305
34.86 0.998362919073 0.999998199674
34.91 0.998367597497 0.99999820997
34.96 0.998372255907 0.999998220191
35.01 0.998376894415 0.99999823034
35.06 0.998381513134 0.999998240417
35.11 0.998386112178 0.999998250422
35.16 0.998390691657 0.999998260356
35.21 0.998395251683 0.99999827022
35.26 0.998399792365 0.999998280014
35.31 0.998404313812 0.999998289738
35.36 0.998408816133 0.999998299394
35.41 0.998413299436 0.999998308982
35.46 0.998417763827 0.999998318503
35.51 0.998422209413 0.999998327956
35.56 0.998426636299 0.999998337344
35.61 0.99843104459 0.999998346665
35.66 0.998435434389 0.999998355921
35.71 0.9984398058 0.999998365113
35.76 0.998444158926 0.99999837424
35.81 0.998448493868 0.999998383304
35.86 0.998452810727 0.999998392304
35.91 0.998457109604 0.999998401242
35.96 0.998461390598 0.999998410119
36.01 0.998465653809 0.999998418933
36.06 0.998469899334 0.999998427687
36.11 0.998474127271 0.99999843638
36.16 0.998478337718 0.999998445013
36.21 0.99848253077 0.999998453586
36.26 0.998486706524 0.999998462101
36.31 0.998490865073 0.999998470557
36.36 0.998495006513 0.999998478955
36.41 0.998499130938 0.999998487295
36.46 0.998503238439 0.999998495579
36.51 0.99850732911 0.999998503805
36.56 0.998511403043 0.999998511976
36.61 0.998515460328 0.999998520091
36.66 0.998519501056 0.99999852815
36.71 0.998523525317 0.999998536155
36.76 0.998527533201 0.999998544105
36.81 0.998531524795 0.999998552002
36.86 0.998535500189 0.999998559845
36.91 0.998539459469 0.999998567635
36.96 0.998543402723 0.999998575373
37.01 0.998547330037 0.999998583058
37.06 0.998551241496 0.999998590691
37.11 0.998555137186 0.999998598273
37.16 0.998559017192 0.999998605805
37.21 0.998562881597 0.999998613285
37.26 0.998566730486 0.999998620716
37.31 0.99857056394 0.999998628097
37.36 0.998574382042 0.999998635428
37.41 0.998578184875 0.999998642711
37.46 0.998581972519 0.999998649945
37.51 0.998585745055 0.999998657131
37.56 0.998589502563 0.99999866427
37.61 0.998593245123 0.999998671361
37.66 0.998596972815 0.999998678404
37.71 0.998600685716 0.999998685402
37.76 0.998604383905 0.999998692353
37.81 0.99860806746 0.999998699258
37.86 0.998611736457 0.999998706118
37.91 0.998615390973 0.999998712932
37.96 0.998619031085 0.999998719702
38.01 0.998622656867 0.999998726427
38.06 0.998626268395 0.999998733108
38.11 0.998629865743 0.999998739745
38.16 0.998633448986 0.999998746339
38.21 0.998637018197 0.99999875289
38.26 0.99864057345 0.999998759398
38.31 0.998644114816 0.999998765864
38.36 0.998647642368 0.999998772288
38.41 0.998651156178 0.99999877867
38.46 0.998654656318 0.99999878501
38.51 0.998658142857 0.99999879131
38.56 0.998661615866 0.999998797568
38.61 0.998665075416 0.999998803786
38.66 0.998668521575 0.999998809964
38.71 0.998671954412 0.999998816103
38.76 0.998675373997 0.999998822201
38.81 0.998678780396 0.999998828261
38.86 0.998682173679 0.999998834281
38.91 0.998685553911 0.999998840263
38.96 0.998688921161 0.999998846207
39.01 0.998692275494 0.999998852112
39.06 0.998695616976 0.99999885798
39.11 0.998698945672 0.99999886381
39.16 0.998702261649 0.999998869604
39.21 0.99870556497 0.99999887536
39.26 0.998708855699 0.99999888108
39.31 0.998712133902 0.999998886763
39.36 0.998715399641 0.999998892411
39.41 0.998718652979 0.999998898022
39.46 0.998721893978 0.999998903598
39.51 0.998725122703 0.999998909139
39.56 0.998728339213 0.999998914645
39.61 0.998731543571 0.999998920116
39.66 0.998734735837 0.999998925553
39.71 0.998737916073 0.999998930956
39.76 0.998741084339 0.999998936324
39.81 0.998744240695 0.999998941659
39.86 0.9987473852 0.999998946961
39.91 0.998750517913 0.99999895223
39.96 0.998753638895 0.999998957465
40.01 0.998756748202 0.999998962668
40.06 0.998759845893 0.999998967839
40.11 0.998762932026 0.999998972977
40.16 0.998766006658 0.999998978083
40.21 0.998769069846 0.999998983158
40.26 0.998772121648 0.999998988201
40.31 0.998775162119 0.999998993213
40.36 0.998778191315 0.999998998194
40.41 0.998781209292 0.999999003144
40.46 0.998784216106 0.999999008064
40.51 0.998787211811 0.999999012953
40.56 0.998790196461 0.999999017813
40.61 0.998793170112 0.999999022642
40.66 0.998796132817 0.999999027442
40.71 0.99879908463 0.999999032212
40.76 0.998802025604 0.999999036953
40.81 0.998804955792 0.999999041665
40.86 0.998807875247 0.999999046349
40.91 0.998810784021 0.999999051003
40.96 0.998813682166 0.99999905563
41.01 0.998816569734 0.999999060228
41.06 0.998819446776 0.999999064798
41.11 0.998822313343 0.999999069341
41.16 0.998825169487 0.999999073856
41.21 0.998828015257 0.999999078343
41.26 0.998830850703 0.999999082804
41.31 0.998833675876 0.999999087238
41.36 0.998836490825 0.999999091644
41.41 0.9988392956 0.999999096024
41.46 0.998842090248 0.999999100378
41.51 0.99884487482 0.999999104706
41.56 0.998847649363 0.999999109008
41.61 0.998850413925 0.999999113284
41.66 0.998853168554 0.999999117534
41.71 0.998855913299 0.999999121759
41.76 0.998858648205 0.999999125958
41.81 0.998861373319 0.999999130133
41.86 0.99886408869 0.999999134282
41.91 0.998866794362 0.999999138407
41.96 0.998869490383 0.999999142507
42.01 0.998872176797 0.999999146583
42.06 0.99887485365 0.999999150635
42.11 0.998877520989 0.999999154663
42.16 0.998880178857 0.999999158667
42.21 0.998882827299 0.999999162647
42.26 0.998885466361 0.999999166604
42.31 0.998888096086 0.999999170537
42.36 0.998890716518 0.999999174447
42.41 0.998893327701 0.999999178334
42.46 0.998895929678 0.999999182199
42.51 0.998898522493 0.99999918604
42.56 0.998901106188 0.99999918986
42.61 0.998903680807 0.999999193656
42.66 0.998906246391 0.999999197431
42.71 0.998908802984 0.999999201183
42.76 0.998911350626 0.999999204914
42.81 0.99891388936 0.999999208623
42.86 0.998916419227 0.99999921231
42.91 0.998918940268 0.999999215975
42.96 0.998921452524 0.99999921962
43.01 0.998923956036 0.999999223243
43.06 0.998926450845 0.999999226846
43.11 0.998928936991 0.999999230427
43.16 0.998931414514 0.999999233988
43.21 0.998933883453 0.999999237528
43.26 0.998936343848 0.999999241047
43.31 0.99893879574 0.999999244547
43.36 0.998941239166 0.999999248026
43.41 0.998943674165 0.999999251485
43.46 0.998946100777 0.999999254925
43.51 0.99894851904 0.999999258345
43.56 0.998950928992 0.999999261745
43.61 0.998953330671 0.999999265125
43.66 0.998955724115 0.999999268486
43.71 0.998958109361 0.999999271829
43.76 0.998960486448 0.999999275152
43.81 0.998962855411 0.999999278456
43.86 0.998965216288 0.999999281741
43.91 0.998967569116 0.999999285008
43.96 0.998969913932 0.999999288256
44.01 0.998972250771 0.999999291485
44.06 0.99897457967 0.999999294697
44.11 0.998976900664 0.99999929789
44.16 0.99897921379 0.999999301065
44.21 0.998981519083 0.999999304222
44.26 0.998983816577 0.999999307361
44.31 0.99898610631 0.999999310483
44.36 0.998988388314 0.999999313587
44.41 0.998990662626 0.999999316674
44.46 0.998992929279 0.999999319743
44.51 0.998995188308 0.999999322795
44.56 0.998997439746 0.99999932583
44.61 0.998999683629 0.999999328848
44.66 0.99900191999 0.999999331849
44.71 0.999004148861 0.999999334834
44.76 0.999006370278 0.999999337802
44.81 0.999008584272 0.999999340753
44.86 0.999010790877 0.999999343688
44.91 0.999012990126 0.999999346606
44.96 0.999015182051 0.999999349508
45.01 0.999017366685 0.999999352395
45.06 0.99901954406 0.999999355265
45.11 0.999021714209 0.999999358119
45.16 0.999023877162 0.999999360958
45.21 0.999026032953 0.99999936378
45.26 0.999028181612 0.999999366588
45.31 0.999030323171 0.99999936938
45.36 0.999032457661 0.999999372156
45.41 0.999034585113 0.999999374917
45.46 0.999036705558 0.999999377663
45.51 0.999038819028 0.999999380394
45.56 0.999040925551 0.99999938311
45.61 0.99904302516 0.999999385811
45.66 0.999045117884 0.999999388498
45.71 0.999047203752 0.999999391169
45.76 0.999049282796 0.999999393827
45.81 0.999051355044 0.999999396469
45.86 0.999053420527 0.999999399097
45.91 0.999055479273 0.999999401711
45.96 0.999057531312 0.999999404311
46.01 0.999059576674 0.999999406897
46.06 0.999061615386 0.999999409468
46.11 0.999063647478 0.999999412026
46.16 0.999065672979 0.99999941457
46.21 0.999067691916 0.9999994171
46.26 0.999069704318 0.999999419617
46.31 0.999071710214 0.99999942212
46.36 0.999073709631 0.999999424609
46.41 0.999075702598 0.999999427085
46.46 0.999077689141 0.999999429548
46.51 0.999079669289 0.999999431997
46.56 0.999081643068 0.999999434434
46.61 0.999083610507 0.999999436857
46.66 0.999085571632 0.999999439268
46.71 0.999087526471 0.999999441665
46.76 0.999089475049 0.99999944405
46.81 0.999091417394 0.999999446422
46.86 0.999093353533 0.999999448781
46.91 0.999095283491 0.999999451128
46.96 0.999097207296 0.999999453462
47.01 0.999099124972 0.999999455784
47.06 0.999101036547 0.999999458094
47.11 0.999102942046 0.999999460391
47.16 0.999104841494 0.999999462676
47.21 0.999106734917 0.999999464949
47.26 0.999108622342 0.99999946721
47.31 0.999110503792 0.99999946946
47.36 0.999112379294 0.999999471697
47.41 0.999114248872 0.999999473922
47.46 0.999116112551 0.999999476136
47.51 0.999117970356 0.999999478338
47.56 0.999119822311 0.999999480529
47.61 0.999121668442 0.999999482708
47.66 0.999123508772 0.999999484876
47.71 0.999125343326 0.999999487032
47.76 0.999127172128 0.999999489177
47.81 0.999128995202 0.999999491311
47.86 0.999130812572 0.999999493434
47.91 0.999132624261 0.999999495546
47.96 0.999134430294 0.999999497647
48.01 0.999136230693 0.999999499736
48.06 0.999138025482 0.999999501815
48.11 0.999139814685 0.999999503883
48.16 0.999141598325 0.999999505941
48.21 0.999143376424 0.999999507988
48.26 0.999145149006 0.999999510024
48.31 0.999146916093 0.999999512049
48.36 0.999148677708 0.999999514065
48.41 0.999150433873 0.999999516069
48.46 0.999152184612 0.999999518064
48.51 0.999153929946 0.999999520048
48.56 0.999155669897 0.999999522022
48.61 0.999157404489 0.999999523986
48.66 0.999159133742 0.99999952594
48.71 0.999160857678 0.999999527884
48.76 0.99916257632 0.999999529818
48.81 0.999164289689 0.999999531741
48.86 0.999165997806 0.999999533656
48.91 0.999167700693 0.99999953556
48.96 0.999169398371 0.999999537455
49.01 0.999171090862 0.99999953934
49.06 0.999172778187 0.999999541215
49.11 0.999174460366 0.999999543081
49.16 0.99917613742 0.999999544937
49.21 0.999177809371 0.999999546784
49.26 0.999179476239 0.999999548622
49.31 0.999181138044 0.99999955045
49.36 0.999182794808 0.999999552269
49.41 0.999184446549 0.999999554079
49.46 0.99918609329 0.99999955588
49.51 0.999187735049 0.999999557671
49.56 0.999189371847 0.999999559454
49.61 0.999191003704 0.999999561228
49.66 0.999192630639 0.999999562992
49.71 0.999194252673 0.999999564748
49.76 0.999195869826 0.999999566495
49.81 0.999197482115 0.999999568233
49.86 0.999199089562 0.999999569963
49.91 0.999200692186 0.999999571684
49.96 0.999202290005 0.999999573396
50.01 0.99920388304 0.9999995751
50.06 0.999205471308 0.999999576795
50.11 0.999207054829 0.999999578482
50.16 0.999208633623 0.999999580161
50.21 0.999210207707 0.999999581831
50.26 0.999211777101 0.999999583493
50.31 0.999213341822 0.999999585146
50.36 0.99921490189 0.999999586792
50.41 0.999216457324 0.999999588429
50.46 0.99921800814 0.999999590058
50.51 0.999219554358 0.999999591679
50.56 0.999221095996 0.999999593292
50.61 0.999222633072 0.999999594897
50.66 0.999224165604 0.999999596494
50.71 0.999225693609 0.999999598084
50.76 0.999227217106 0.999999599665
50.81 0.999228736112 0.999999601239
50.86 0.999230250645 0.999999602805
50.91 0.999231760722 0.999999604363
50.96 0.999233266361 0.999999605914
51.01 0.999234767579 0.999999607457
51.06 0.999236264394 0.999999608992
51.11 0.999237756822 0.999999610521
51.16 0.999239244881 0.999999612041
51.21 0.999240728588 0.999999613554
51.26 0.99924220796 0.99999961506
51.31 0.999243683014 0.999999616559
51.36 0.999245153766 0.99999961805
51.41 0.999246620233 0.999999619534
51.46 0.999248082432 0.99999962101
51.51 0.999249540379 0.99999962248
51.56 0.999250994091 0.999999623943
51.61 0.999252443584 0.999999625398
51.66 0.999253888875 0.999999626846
51.71 0.999255329979 0.999999628288
51.76 0.999256766914 0.999999629722
51.81 0.999258199694 0.99999963115
51.86 0.999259628336 0.99999963257
51.91 0.999261052856 0.999999633984
51.96 0.999262473269 0.999999635391
52.01 0.999263889592 0.999999636791
52.06 0.99926530184 0.999999638185
52.11 0.999266710029 0.999999639572
52.16 0.999268114174 0.999999640952
52.21 0.999269514291 0.999999642326
52.26 0.999270910395 0.999999643693
52.31 0.999272302501 0.999999645053
52.36 0.999273690625 0.999999646407
52.41 0.999275074782 0.999999647755
52.46 0.999276454987 0.999999649096
52.51 0.999277831255 0.999999650431
52.56 0.999279203601 0.999999651759
52.61 0.99928057204 0.999999653082
52.66 0.999281936586 0.999999654397
52.71 0.999283297255 0.999999655707
52.76 0.99928465406 0.999999657011
52.81 0.999286007018 0.999999658308
52.86 0.999287356141 0.999999659599
52.91 0.999288701445 0.999999660884
52.96 0.999290042945 0.999999662163
53.01 0.999291380653 0.999999663436
53.06 0.999292714586 0.999999664703
53.11 0.999294044756 0.999999665964
53.16 0.999295371178 0.999999667219
53.21 0.999296693866 0.999999668469
53.26 0.999298012835 0.999999669712
53.31 0.999299328097 0.999999670949
53.36 0.999300639667 0.999999672181
53.41 0.999301947559 0.999999673407
53.46 0.999303251786 0.999999674627
53.51 0.999304552363 0.999999675842
53.56 0.999305849301 0.999999677051
53.61 0.999307142617 0.999999678254
53.66 0.999308432322 0.999999679452
53.71 0.99930971843 0.999999680644
53.76 0.999311000954 0.999999681831
53.81 0.999312279908 0.999999683012
53.86 0.999313555306 0.999999684187
53.91 0.999314827159 0.999999685358
53.96 0.999316095482 0.999999686522
54.01 0.999317360287 0.999999687682
54.06 0.999318621588 0.999999688836
54.11 0.999319879397 0.999999689984
54.16 0.999321133727 0.999999691128
54.21 0.999322384591 0.999999692266
54.26 0.999323632002 0.999999693399
54.31 0.999324875972 0.999999694526
54.36 0.999326116514 0.999999695649
54.41 0.999327353641 0.999999696766
54.46 0.999328587365 0.999999697878
54.51 0.999329817699 0.999999698986
54.56 0.999331044655 0.999999700088
54.61 0.999332268245 0.999999701185
54.66 0.999333488482 0.999999702277
54.71 0.999334705378 0.999999703364
54.76 0.999335918945 0.999999704446
54.81 0.999337129195 0.999999705523
54.86 0.999338336141 0.999999706595
54.91 0.999339539794 0.999999707662
54.96 0.999340740166 0.999999708725
55.01 0.999341937269 0.999999709783
55.06 0.999343131116 0.999999710836
55.11 0.999344321717 0.999999711884
55.16 0.999345509085 0.999999712927
55.21 0.999346693231 0.999999713966
55.26 0.999347874168 0.999999715
55.31 0.999349051905 0.999999716029
55.36 0.999350226456 0.999999717054
55.41 0.999351397832 0.999999718074
55.46 0.999352566043 0.999999719089
55.51 0.999353731102 0.9999997201
55.56 0.99935489302 0.999999721106
55.61 0.999356051807 0.999999722108
55.66 0.999357207476 0.999999723105
55.71 0.999358360037 0.999999724098
55.76 0.999359509502 0.999999725087
55.81 0.999360655881 0.999999726071
55.86 0.999361799186 0.99999972705
55.91 0.999362939427 0.999999728025
55.96 0.999364076617 0.999999728996
56.01 0.999365210764 0.999999729963
56.06 0.999366341881 0.999999730925
56.11 0.999367469978 0.999999731883
56.16 0.999368595065 0.999999732837
56.21 0.999369717155 0.999999733786
56.26 0.999370836256 0.999999734731
56.31 0.99937195238 0.999999735672
56.36 0.999373065537 0.999999736609
56.41 0.999374175738 0.999999737542
56.46 0.999375282994 0.999999738471
56.51 0.999376387314 0.999999739395
56.56 0.999377488709 0.999999740315
56.61 0.999378587189 0.999999741232
56.66 0.999379682765 0.999999742144
56.71 0.999380775447 0.999999743052
56.76 0.999381865244 0.999999743957
56.81 0.999382952168 0.999999744857
56.86 0.999384036229 0.999999745753
56.91 0.999385117435 0.999999746646
56.96 0.999386195798 0.999999747534
57.01 0.999387271327 0.999999748419
57.06 0.999388344032 0.9999997493
57.11 0.999389413923 0.999999750177
57.16 0.999390481011 0.99999975105
57.21 0.999391545303 0.999999751919
57.26 0.999392606812 0.999999752784
57.31 0.999393665545 0.999999753646
57.36 0.999394721513 0.999999754504
57.41 0.999395774726 0.999999755358
57.46 0.999396825192 0.999999756209
57.51 0.999397872922 0.999999757056
57.56 0.999398917926 0.999999757899
57.61 0.999399960211 0.999999758738
57.66 0.999400999789 0.999999759574
57.71 0.999402036667 0.999999760406
57.76 0.999403070857 0.999999761235
57.81 0.999404102366 0.99999976206
57.86 0.999405131204 0.999999762882
57.91 0.999406157381 0.9999997637
57.96 0.999407180905 0.999999764514
58.01 0.999408201786 0.999999765325
58.06 0.999409220032 0.999999766132
58.11 0.999410235653 0.999999766936
58.16 0.999411248658 0.999999767737
58.21 0.999412259056 0.999999768534
58.26 0.999413266856 0.999999769328
58.31 0.999414272066 0.999999770118
58.36 0.999415274696 0.999999770905
58.41 0.999416274754 0.999999771688
58.46 0.999417272249 0.999999772468
58.51 0.99941826719 0.999999773245
58.56 0.999419259585 0.999999774019
58.61 0.999420249444 0.999999774789
58.66 0.999421236774 0.999999775556
58.71 0.999422221585 0.99999977632
58.76 0.999423203885 0.99999977708
58.81 0.999424183683 0.999999777837
58.86 0.999425160986 0.999999778591
58.91 0.999426135804 0.999999779342
58.96 0.999427108145 0.99999978009
59.01 0.999428078018 0.999999780834
59.06 0.99942904543 0.999999781576
59.11 0.99943001039 0.999999782314
59.16 0.999430972906 0.999999783049
59.21 0.999431932986 0.999999783781
59.26 0.99943289064 0.99999978451
59.31 0.999433845874 0.999999785236
59.36 0.999434798697 0.999999785958
59.41 0.999435749117 0.999999786678
59.46 0.999436697143 0.999999787395
59.51 0.999437642781 0.999999788109
59.56 0.999438586041 0.999999788819
59.61 0.99943952693 0.999999789527
59.66 0.999440465456 0.999999790232
59.71 0.999441401628 0.999999790934
59.76 0.999442335452 0.999999791632
59.81 0.999443266937 0.999999792328
59.86 0.99944419609 0.999999793021
59.91 0.99944512292 0.999999793712
59.96 0.999446047434 0.999999794399
60.01 0.999446969639 0.999999795083
60.06 0.999447889544 0.999999795765
60.11 0.999448807156 0.999999796444
60.16 0.999449722483 0.99999979712
60.21 0.999450635532 0.999999797793
60.26 0.999451546311 0.999999798463
60.31 0.999452454828 0.999999799131
60.36 0.999453361089 0.999999799796
60.41 0.999454265102 0.999999800458
60.46 0.999455166875 0.999999801117
60.51 0.999456066415 0.999999801774
60.56 0.99945696373 0.999999802428
60.61 0.999457858827 0.999999803079
60.66 0.999458751712 0.999999803727
60.71 0.999459642394 0.999999804373
60.76 0.99946053088 0.999999805016
60.81 0.999461417176 0.999999805657
60.86 0.999462301291 0.999999806295
60.91 0.999463183231 0.99999980693
60.96 0.999464063003 0.999999807563
61.01 0.999464940614 0.999999808193
61.06 0.999465816072 0.999999808821
61.11 0.999466689384 0.999999809446
61.16 0.999467560556 0.999999810068
61.21 0.999468429595 0.999999810688
61.26 0.999469296509 0.999999811305
61.31 0.999470161304 0.99999981192
61.36 0.999471023988 0.999999812532
61.41 0.999471884567 0.999999813142
61.46 0.999472743047 0.99999981375
61.51 0.999473599437 0.999999814355
61.56 0.999474453742 0.999999814957
61.61 0.99947530597 0.999999815557
61.66 0.999476156126 0.999999816155
61.71 0.999477004219 0.99999981675
61.76 0.999477850253 0.999999817343
61.81 0.999478694237 0.999999817933
61.86 0.999479536177 0.999999818521
61.91 0.999480376079 0.999999819107
61.96 0.99948121395 0.99999981969
62.01 0.999482049796 0.999999820271
62.06 0.999482883624 0.999999820849
62.11 0.999483715441 0.999999821426
62.16 0.999484545253 0.999999822
62.21 0.999485373066 0.999999822571
62.26 0.999486198886 0.999999823141
62.31 0.999487022721 0.999999823708
62.36 0.999487844577 0.999999824272
62.41 0.999488664459 0.999999824835
62.46 0.999489482374 0.999999825395
62.51 0.999490298329 0.999999825953
62.56 0.99949111233 0.999999826509
62.61 0.999491924382 0.999999827063
62.66 0.999492734493 0.999999827614
62.71 0.999493542667 0.999999828163
62.76 0.999494348913 0.99999982871
62.81 0.999495153235 0.999999829255
62.86 0.99949595564 0.999999829798
62.91 0.999496756133 0.999999830338
62.96 0.999497554722 0.999999830877
63.01 0.999498351411 0.999999831413
63.06 0.999499146207 0.999999831947
63.11 0.999499939117 0.999999832479
63.16 0.999500730145 0.999999833009
63.21 0.999501519298 0.999999833537
63.26 0.999502306581 0.999999834062
63.31 0.999503092002 0.999999834586
63.36 0.999503875565 0.999999835107
63.41 0.999504657276 0.999999835627
63.46 0.999505437142 0.999999836144
63.51 0.999506215167 0.99999983666
63.56 0.999506991359 0.999999837173
63.61 0.999507765722 0.999999837685
63.66 0.999508538262 0.999999838194
63.71 0.999509308985 0.999999838701
63.76 0.999510077897 0.999999839207
63.81 0.999510845004 0.99999983971
63.86 0.99951161031 0.999999840212
63.91 0.999512373822 0.999999840711
63.96 0.999513135546 0.999999841209
64.01 0.999513895486 0.999999841704
64.06 0.999514653649 0.999999842198
64.11 0.999515410039 0.99999984269
64.16 0.999516164663 0.99999984318
64.21 0.999516917526 0.999999843668
64.26 0.999517668634 0.999999844154
64.31 0.999518417991 0.999999844638
64.36 0.999519165603 0.99999984512
64.41 0.999519911477 0.999999845601
64.46 0.999520655616 0.999999846079
64.51 0.999521398027 0.999999846556
64.56 0.999522138715 0.999999847031
64.61 0.999522877685 0.999999847504
64.66 0.999523614942 0.999999847975
64.71 0.999524350492 0.999999848444
64.76 0.999525084341 0.999999848912
64.81 0.999525816492 0.999999849378
64.86 0.999526546952 0.999999849841
64.91 0.999527275726 0.999999850304
64.96 0.999528002818 0.999999850764
65.01 0.999528728235 0.999999851223
65.06 0.999529451981 0.99999985168
65.11 0.999530174061 0.999999852135
65.16 0.99953089448 0.999999852588
65.21 0.999531613244 0.99999985304
65.26 0.999532330358 0.99999985349
65.31 0.999533045826 0.999999853938
65.36 0.999533759654 0.999999854384
65.41 0.999534471847 0.999999854829
65.46 0.999535182409 0.999999855272
65.51 0.999535891346 0.999999855713
65.56 0.999536598662 0.999999856153
65.61 0.999537304363 0.999999856591
65.66 0.999538008454 0.999999857028
65.71 0.999538710939 0.999999857462
65.76 0.999539411823 0.999999857895
65.81 0.999540111111 0.999999858327
65.86 0.999540808808 0.999999858757
65.91 0.999541504918 0.999999859185
65.96 0.999542199447 0.999999859611
66.01 0.9995428924 0.999999860036
66.06 0.999543583781 0.999999860459
66.11 0.999544273594 0.999999860881
66.16 0.999544961845 0.999999861301
66.21 0.999545648539 0.99999986172
66.26 0.999546333679 0.999999862137
66.31 0.999547017271 0.999999862552
66.36 0.999547699319 0.999999862966
66.41 0.999548379829 0.999999863378
66.46 0.999549058803 0.999999863789
66.51 0.999549736249 0.999999864198
66.56 0.999550412168 0.999999864606
66.61 0.999551086568 0.999999865012
66.66 0.999551759451 0.999999865416
66.71 0.999552430823 0.999999865819
66.76 0.999553100687 0.999999866221
66.81 0.999553769049 0.999999866621
66.86 0.999554435913 0.99999986702
66.91 0.999555101284 0.999999867417
66.96 0.999555765165 0.999999867812
67.01 0.999556427562 0.999999868206
67.06 0.999557088479 0.999999868599
67.11 0.99955774792 0.99999986899
67.16 0.999558405889 0.99999986938
67.21 0.999559062391 0.999999869768
67.26 0.999559717431 0.999999870155
67.31 0.999560371012 0.999999870541
67.36 0.99956102314 0.999999870925
67.41 0.999561673817 0.999999871307
67.46 0.999562323049 0.999999871688
67.51 0.99956297084 0.999999872068
67.56 0.999563617194 0.999999872446
67.61 0.999564262116 0.999999872823
67.66 0.999564905609 0.999999873199
67.71 0.999565547677 0.999999873573
67.76 0.999566188326 0.999999873946
67.81 0.999566827559 0.999999874317
67.86 0.999567465381 0.999999874687
67.91 0.999568101794 0.999999875056
67.96 0.999568736805 0.999999875423
68.01 0.999569370416 0.999999875789
68.06 0.999570002632 0.999999876154
68.11 0.999570633457 0.999999876517
68.16 0.999571262895 0.999999876879
68.21 0.999571890951 0.99999987724
68.26 0.999572517627 0.999999877599
68.31 0.999573142929 0.999999877957
68.36 0.99957376686 0.999999878314
68.41 0.999574389424 0.999999878669
68.46 0.999575010625 0.999999879023
68.51 0.999575630467 0.999999879376
68.56 0.999576248955 0.999999879728
68.61 0.999576866091 0.999999880078
68.66 0.999577481881 0.999999880427
68.71 0.999578096327 0.999999880775
68.76 0.999578709435 0.999999881121
68.81 0.999579321207 0.999999881466
68.86 0.999579931647 0.99999988181
68.91 0.99958054076 0.999999882153
68.96 0.99958114855 0.999999882494
69.01 0.999581755019 0.999999882834
69.06 0.999582360173 0.999999883173
69.11 0.999582964014 0.999999883511
69.16 0.999583566546 0.999999883848
69.21 0.999584167775 0.999999884183
69.26 0.999584767702 0.999999884517
69.31 0.999585366332 0.99999988485
69.36 0.999585963668 0.999999885182
69.41 0.999586559715 0.999999885512
69.46 0.999587154476 0.999999885842
69.51 0.999587747954 0.99999988617
69.56 0.999588340154 0.999999886497
69.61 0.999588931079 0.999999886822
69.66 0.999589520733 0.999999887147
69.71 0.999590109119 0.999999887471
69.76 0.999590696241 0.999999887793
69.81 0.999591282102 0.999999888114
69.86 0.999591866707 0.999999888434
69.91 0.999592450058 0.999999888753
69.96 0.99959303216 0.999999889071
70.01 0.999593613016 0.999999889387
70.06 0.99959419263 0.999999889703
70.11 0.999594771004 0.999999890017
70.16 0.999595348143 0.99999989033
70.21 0.99959592405 0.999999890642
70.26 0.999596498729 0.999999890953
70.31 0.999597072182 0.999999891263
70.36 0.999597644414 0.999999891572
70.41 0.999598215429 0.99999989188
70.46 0.999598785228 0.999999892186
70.51 0.999599353817 0.999999892492
70.56 0.999599921198 0.999999892796
70.61 0.999600487375 0.999999893099
70.66 0.99960105235 0.999999893402
70.71 0.999601616129 0.999999893703
70.76 0.999602178713 0.999999894003
70.81 0.999602740107 0.999999894302
70.86 0.999603300313 0.9999998946
70.91 0.999603859336 0.999999894897
70.96 0.999604417177 0.999999895193
71.01 0.999604973842 0.999999895488
71.06 0.999605529332 0.999999895782
71.11 0.999606083651 0.999999896075
71.16 0.999606636804 0.999999896367
71.21 0.999607188792 0.999999896657
71.26 0.999607739619 0.999999896947
71.31 0.999608289288 0.999999897236
71.36 0.999608837803 0.999999897524
71.41 0.999609385167 0.99999989781
71.46 0.999609931383 0.999999898096
71.51 0.999610476454 0.999999898381
71.56 0.999611020383 0.999999898664
71.61 0.999611563175 0.999999898947
71.66 0.999612104831 0.999999899229
71.71 0.999612645355 0.99999989951
71.76 0.99961318475 0.99999989979
71.81 0.999613723019 0.999999900068
71.86 0.999614260166 0.999999900346
71.91 0.999614796193 0.999999900623
71.96 0.999615331104 0.999999900899
72.01 0.999615864901 0.999999901174
72.06 0.999616397589 0.999999901448
72.11 0.999616929169 0.999999901721
72.16 0.999617459645 0.999999901993
72.21 0.999617989021 0.999999902264
72.26 0.999618517298 0.999999902535
72.31 0.99961904448 0.999999902804
72.36 0.999619570571 0.999999903072
72.41 0.999620095572 0.99999990334
72.46 0.999620619488 0.999999903606
72.51 0.99962114232 0.999999903872
72.56 0.999621664073 0.999999904137
72.61 0.999622184749 0.999999904401
72.66 0.999622704351 0.999999904663
72.71 0.999623222882 0.999999904925
72.76 0.999623740345 0.999999905187
72.81 0.999624256742 0.999999905447
72.86 0.999624772078 0.999999905706
72.91 0.999625286354 0.999999905964
72.96 0.999625799574 0.999999906222
73.01 0.99962631174 0.999999906479
73.06 0.999626822855 0.999999906734
73.11 0.999627332923 0.999999906989
73.16 0.999627841946 0.999999907243
73.21 0.999628349927 0.999999907496
73.26 0.999628856868 0.999999907749
73.31 0.999629362773 0.999999908
73.36 0.999629867645 0.999999908251
73.41 0.999630371486 0.9999999085
73.46 0.999630874298 0.999999908749
73.51 0.999631376086 0.999999908997
73.56 0.999631876852 0.999999909245
73.61 0.999632376597 0.999999909491
73.66 0.999632875326 0.999999909736
73.71 0.999633373041 0.999999909981
73.76 0.999633869745 0.999999910225
73.81 0.999634365439 0.999999910468
73.86 0.999634860129 0.99999991071
73.91 0.999635353814 0.999999910952
73.96 0.9996358465 0.999999911192
74.01 0.999636338188 0.999999911432
74.06 0.99963682888 0.999999911671
74.11 0.999637318581 0.999999911909
74.16 0.999637807291 0.999999912146
74.21 0.999638295015 0.999999912383
74.26 0.999638781754 0.999999912619
74.31 0.999639267512 0.999999912854
74.36 0.99963975229 0.999999913088
74.41 0.999640236093 0.999999913321
74.46 0.999640718921 0.999999913554
74.51 0.999641200778 0.999999913786
74.56 0.999641681666 0.999999914017
74.61 0.999642161589 0.999999914247
74.66 0.999642640548 0.999999914476
74.71 0.999643118546 0.999999914705
74.76 0.999643595585 0.999999914933
74.81 0.99964407167 0.99999991516
74.86 0.9996445468 0.999999915387
74.91 0.999645020981 0.999999915613
74.96 0.999645494213 0.999999915837
75.01 0.999645966499 0.999999916062
75.06 0.999646437843 0.999999916285
75.11 0.999646908246 0.999999916508
75.16 0.999647377711 0.99999991673
75.21 0.99964784624 0.999999916951
75.26 0.999648313837 0.999999917172
75.31 0.999648780502 0.999999917391
75.36 0.99964924624 0.99999991761
75.41 0.999649711052 0.999999917829
75.46 0.99965017494 0.999999918046
75.51 0.999650637908 0.999999918263
75.56 0.999651099958 0.999999918479
75.61 0.999651561092 0.999999918695
75.66 0.999652021312 0.999999918909
75.71 0.999652480621 0.999999919123
75.76 0.999652939021 0.999999919337
75.81 0.999653396515 0.999999919549
75.86 0.999653853105 0.999999919761
75.91 0.999654308794 0.999999919972
75.96 0.999654763584 0.999999920183
76.01 0.999655217476 0.999999920393
76.06 0.999655670475 0.999999920602
76.11 0.999656122581 0.99999992081
76.16 0.999656573797 0.999999921018
76.21 0.999657024126 0.999999921225
76.26 0.99965747357 0.999999921432
76.31 0.999657922132 0.999999921637
76.36 0.999658369813 0.999999921842
76.41 0.999658816615 0.999999922047
76.46 0.999659262542 0.999999922251
76.51 0.999659707595 0.999999922454
76.56 0.999660151777 0.999999922656
76.61 0.99966059509 0.999999922858
76.66 0.999661037536 0.999999923059
76.71 0.999661479118 0.999999923259
76.76 0.999661919837 0.999999923459
76.81 0.999662359697 0.999999923658
76.86 0.999662798698 0.999999923857
76.91 0.999663236844 0.999999924054
76.96 0.999663674137 0.999999924252
77.01 0.999664110579 0.999999924448
77.06 0.999664546172 0.999999924644
77.11 0.999664980918 0.999999924839
77.16 0.999665414819 0.999999925034
77.21 0.999665847879 0.999999925228
77.26 0.999666280098 0.999999925421
77.31 0.999666711479 0.999999925614
77.36 0.999667142024 0.999999925806
77.41 0.999667571736 0.999999925998
77.46 0.999668000616 0.999999926189
77.51 0.999668428667 0.999999926379
77.56 0.999668855891 0.999999926569
77.61 0.99966928229 0.999999926758
77.66 0.999669707865 0.999999926946
77.71 0.99967013262 0.999999927134
77.76 0.999670556556 0.999999927321
77.81 0.999670979676 0.999999927508
77.86 0.99967140198 0.999999927694
77.91 0.999671823473 0.999999927879
77.96 0.999672244155 0.999999928064
78.01 0.999672664029 0.999999928248
78.06 0.999673083096 0.999999928432
78.11 0.99967350136 0.999999928615
78.16 0.999673918821 0.999999928798
78.21 0.999674335482 0.99999992898
78.26 0.999674751346 0.999999929161
78.31 0.999675166413 0.999999929342
78.36 0.999675580686 0.999999929522
78.41 0.999675994168 0.999999929702
78.46 0.999676406859 0.999999929881
78.51 0.999676818763 0.999999930059
78.56 0.999677229881 0.999999930237
78.61 0.999677640215 0.999999930414
78.66 0.999678049767 0.999999930591
78.71 0.999678458539 0.999999930767
78.76 0.999678866533 0.999999930943
78.81 0.999679273751 0.999999931118
78.86 0.999679680195 0.999999931293
78.91 0.999680085867 0.999999931467
78.96 0.999680490769 0.99999993164
79.01 0.999680894903 0.999999931813
79.06 0.999681298271 0.999999931985
79.11 0.999681700874 0.999999932157
79.16 0.999682102716 0.999999932328
79.21 0.999682503796 0.999999932499
79.26 0.999682904118 0.999999932669
79.31 0.999683303684 0.999999932839
79.36 0.999683702495 0.999999933008
79.41 0.999684100553 0.999999933176
79.46 0.999684497861 0.999999933345
79.51 0.999684894419 0.999999933512
79.56 0.99968529023 0.999999933679
79.61 0.999685685296 0.999999933845
79.66 0.999686079619 0.999999934011
79.71 0.9996864732 0.999999934177
79.76 0.999686866042 0.999999934342
79.81 0.999687258145 0.999999934506
79.86 0.999687649513 0.99999993467
79.91 0.999688040147 0.999999934833
79.96 0.999688430048 0.999999934996
80.01 0.999688819219 0.999999935159
80.06 0.999689207661 0.99999993532
80.11 0.999689595377 0.999999935482
80.16 0.999689982368 0.999999935643
80.21 0.999690368635 0.999999935803
80.26 0.999690754181 0.999999935963
80.31 0.999691139007 0.999999936122
80.36 0.999691523116 0.999999936281
80.41 0.999691906508 0.999999936439
80.46 0.999692289187 0.999999936597
80.51 0.999692671153 0.999999936755
80.56 0.999693052408 0.999999936911
80.61 0.999693432954 0.999999937068
80.66 0.999693812793 0.999999937224
80.71 0.999694191927 0.999999937379
80.76 0.999694570357 0.999999937534
80.81 0.999694948085 0.999999937689
80.86 0.999695325113 0.999999937843
80.91 0.999695701442 0.999999937996
80.96 0.999696077074 0.999999938149
81.01 0.999696452012 0.999999938302
81.06 0.999696826256 0.999999938454
81.11 0.999697199809 0.999999938605
81.16 0.999697572672 0.999999938757
81.21 0.999697944846 0.999999938907
81.26 0.999698316334 0.999999939057
81.31 0.999698687137 0.999999939207
81.36 0.999699057257 0.999999939357
81.41 0.999699426696 0.999999939505
81.46 0.999699795454 0.999999939654
81.51 0.999700163535 0.999999939802
81.56 0.999700530939 0.999999939949
81.61 0.999700897668 0.999999940096
81.66 0.999701263724 0.999999940243
81.71 0.999701629109 0.999999940389
81.76 0.999701993824 0.999999940535
81.81 0.99970235787 0.99999994068
81.86 0.99970272125 0.999999940825
81.91 0.999703083965 0.999999940969
81.96 0.999703446017 0.999999941113
82.01 0.999703807406 0.999999941257
82.06 0.999704168136 0.9999999414
82.11 0.999704528207 0.999999941542
82.16 0.999704887621 0.999999941684
82.21 0.99970524638 0.999999941826
82.26 0.999705604485 0.999999941967
82.31 0.999705961938 0.999999942108
82.36 0.999706318741 0.999999942249
82.41 0.999706674894 0.999999942389
82.46 0.9997070304 0.999999942528
82.51 0.999707385261 0.999999942668
82.56 0.999707739476 0.999999942806
82.61 0.99970809305 0.999999942945
82.66 0.999708445982 0.999999943083
82.71 0.999708798274 0.99999994322
82.76 0.999709149928 0.999999943357
82.81 0.999709500946 0.999999943494
82.86 0.999709851329 0.99999994363
82.91 0.999710201078 0.999999943766
82.96 0.999710550195 0.999999943902
83.01 0.999710898682 0.999999944037
83.06 0.99971124654 0.999999944171
83.11 0.999711593771 0.999999944305
83.16 0.999711940376 0.999999944439
83.21 0.999712286356 0.999999944573
83.26 0.999712631713 0.999999944706
83.31 0.999712976449 0.999999944838
83.36 0.999713320565 0.999999944971
83.41 0.999713664063 0.999999945102
83.46 0.999714006944 0.999999945234
83.51 0.999714349209 0.999999945365
83.56 0.999714690861 0.999999945496
83.61 0.999715031899 0.999999945626
83.66 0.999715372327 0.999999945756
83.71 0.999715712145 0.999999945885
83.76 0.999716051355 0.999999946014
83.81 0.999716389959 0.999999946143
83.86 0.999716727957 0.999999946271
83.91 0.999717065351 0.999999946399
83.96 0.999717402143 0.999999946527
84.01 0.999717738334 0.999999946654
84.06 0.999718073925 0.999999946781
84.11 0.999718408919 0.999999946907
84.16 0.999718743315 0.999999947033
84.21 0.999719077117 0.999999947159
84.26 0.999719410324 0.999999947285
84.31 0.99971974294 0.999999947409
84.36 0.999720074964 0.999999947534
84.41 0.999720406398 0.999999947658
84.46 0.999720737245 0.999999947782
84.51 0.999721067504 0.999999947906
84.56 0.999721397178 0.999999948029
84.61 0.999721726268 0.999999948151
84.66 0.999722054775 0.999999948274
84.71 0.999722382701 0.999999948396
84.76 0.999722710047 0.999999948517
84.81 0.999723036815 0.999999948639
84.86 0.999723363005 0.99999994876
84.91 0.999723688619 0.99999994888
84.96 0.999724013659 0.999999949001
85.01 0.999724338126 0.99999994912
85.06 0.99972466202 0.99999994924
85.11 0.999724985345 0.999999949359
85.16 0.9997253081 0.999999949478
85.21 0.999725630288 0.999999949596
85.26 0.999725951909 0.999999949715
85.31 0.999726272965 0.999999949832
85.36 0.999726593457 0.99999994995
85.41 0.999726913386 0.999999950067
85.46 0.999727232755 0.999999950184
85.51 0.999727551563 0.9999999503
85.56 0.999727869813 0.999999950416
85.61 0.999728187506 0.999999950532
85.66 0.999728504643 0.999999950647
85.71 0.999728821225 0.999999950762
85.76 0.999729137254 0.999999950877
85.81 0.99972945273 0.999999950992
85.86 0.999729767656 0.999999951106
85.91 0.999730082033 0.999999951219
85.96 0.999730395861 0.999999951333
86.01 0.999730709142 0.999999951446
86.06 0.999731021878 0.999999951559
86.11 0.999731334069 0.999999951671
86.16 0.999731645717 0.999999951783
86.21 0.999731956823 0.999999951895
86.26 0.999732267388 0.999999952006
86.31 0.999732577415 0.999999952117
86.36 0.999732886902 0.999999952228
86.41 0.999733195853 0.999999952339
86.46 0.999733504269 0.999999952449
86.51 0.99973381215 0.999999952559
86.56 0.999734119498 0.999999952668
86.61 0.999734426313 0.999999952777
86.66 0.999734732598 0.999999952886
86.71 0.999735038354 0.999999952995
86.76 0.999735343581 0.999999953103
86.81 0.999735648281 0.999999953211
86.86 0.999735952456 0.999999953319
86.91 0.999736256106 0.999999953426
86.96 0.999736559232 0.999999953533
87.01 0.999736861836 0.99999995364
87.06 0.999737163919 0.999999953746
87.11 0.999737465482 0.999999953852
87.16 0.999737766527 0.999999953958
87.21 0.999738067054 0.999999954064
87.26 0.999738367064 0.999999954169
87.31 0.99973866656 0.999999954274
87.36 0.999738965542 0.999999954378
87.41 0.999739264011 0.999999954483
87.46 0.999739561968 0.999999954587
87.51 0.999739859415 0.99999995469
87.56 0.999740156353 0.999999954794
87.61 0.999740452783 0.999999954897
87.66 0.999740748706 0.999999955
87.71 0.999741044123 0.999999955102
87.76 0.999741339035 0.999999955205
87.81 0.999741633444 0.999999955307
87.86 0.999741927351 0.999999955408
87.91 0.999742220756 0.99999995551
87.96 0.999742513662 0.999999955611
88.01 0.999742806068 0.999999955711
88.06 0.999743097977 0.999999955812
88.11 0.999743389389 0.999999955912
88.16 0.999743680306 0.999999956012
88.21 0.999743970728 0.999999956112
88.26 0.999744260657 0.999999956211
88.31 0.999744550094 0.99999995631
88.36 0.999744839039 0.999999956409
88.41 0.999745127495 0.999999956508
88.46 0.999745415462 0.999999956606
88.51 0.999745702941 0.999999956704
88.56 0.999745989934 0.999999956801
88.61 0.999746276441 0.999999956899
88.66 0.999746562464 0.999999956996
88.71 0.999746848003 0.999999957093
88.76 0.99974713306 0.99999995719
88.81 0.999747417636 0.999999957286
88.86 0.999747701732 0.999999957382
88.91 0.999747985349 0.999999957478
88.96 0.999748268488 0.999999957573
89.01 0.99974855115 0.999999957668
89.06 0.999748833336 0.999999957763
89.11 0.999749115048 0.999999957858
89.16 0.999749396286 0.999999957953
89.21 0.999749677051 0.999999958047
89.26 0.999749957345 0.999999958141
89.31 0.999750237168 0.999999958234
89.36 0.999750516522 0.999999958328
89.41 0.999750795408 0.999999958421
89.46 0.999751073826 0.999999958514
89.51 0.999751351778 0.999999958606
89.56 0.999751629265 0.999999958699
89.61 0.999751906287 0.999999958791
89.66 0.999752182847 0.999999958883
89.71 0.999752458944 0.999999958974
89.76 0.99975273458 0.999999959066
89.81 0.999753009756 0.999999959157
89.86 0.999753284473 0.999999959248
89.91 0.999753558731 0.999999959338
89.96 0.999753832533 0.999999959429
90.01 0.999754105879 0.999999959519
90.06 0.99975437877 0.999999959608
90.11 0.999754651207 0.999999959698
90.16 0.999754923191 0.999999959787
90.21 0.999755194723 0.999999959876
90.26 0.999755465803 0.999999959965
90.31 0.999755736434 0.999999960054
90.36 0.999756006616 0.999999960142
90.41 0.99975627635 0.99999996023
90.46 0.999756545637 0.999999960318
90.51 0.999756814478 0.999999960406
90.56 0.999757082874 0.999999960493
90.61 0.999757350826 0.99999996058
90.66 0.999757618335 0.999999960667
90.71 0.999757885401 0.999999960754
90.76 0.999758152027 0.99999996084
90.81 0.999758418212 0.999999960926
90.86 0.999758683959 0.999999961012
90.91 0.999758949267 0.999999961098
90.96 0.999759214137 0.999999961184
91.01 0.999759478572 0.999999961269
91.06 0.999759742571 0.999999961354
91.11 0.999760006136 0.999999961439
91.16 0.999760269267 0.999999961523
91.21 0.999760531966 0.999999961607
91.26 0.999760794233 0.999999961692
91.31 0.99976105607 0.999999961775
91.36 0.999761317477 0.999999961859
91.41 0.999761578456 0.999999961942
91.46 0.999761839006 0.999999962026
91.51 0.99976209913 0.999999962108
91.56 0.999762358828 0.999999962191
91.61 0.999762618101 0.999999962274
91.66 0.99976287695 0.999999962356
91.71 0.999763135375 0.999999962438
91.76 0.999763393379 0.99999996252
91.81 0.999763650961 0.999999962601
91.86 0.999763908123 0.999999962683
91.91 0.999764164866 0.999999962764
91.96 0.99976442119 0.999999962845
92.01 0.999764677096 0.999999962925
92.06 0.999764932585 0.999999963006
92.11 0.999765187659 0.999999963086
92.16 0.999765442318 0.999999963166
92.21 0.999765696563 0.999999963246
92.26 0.999765950395 0.999999963326
92.31 0.999766203814 0.999999963405
92.36 0.999766456822 0.999999963484
92.41 0.99976670942 0.999999963563
92.46 0.999766961608 0.999999963642
92.51 0.999767213387 0.999999963721
92.56 0.999767464759 0.999999963799
92.61 0.999767715724 0.999999963877
92.66 0.999767966283 0.999999963955
92.71 0.999768216436 0.999999964033
92.76 0.999768466186 0.99999996411
92.81 0.999768715531 0.999999964187
92.86 0.999768964475 0.999999964264
92.91 0.999769213016 0.999999964341
92.96 0.999769461157 0.999999964418
93.01 0.999769708898 0.999999964494
93.06 0.99976995624 0.999999964571
93.11 0.999770203183 0.999999964647
93.16 0.99977044973 0.999999964723
93.21 0.999770695879 0.999999964798
93.26 0.999770941633 0.999999964874
93.31 0.999771186992 0.999999964949
93.36 0.999771431957 0.999999965024
93.41 0.999771676529 0.999999965099
93.46 0.999771920709 0.999999965173
93.51 0.999772164497 0.999999965248
93.56 0.999772407895 0.999999965322
93.61 0.999772650903 0.999999965396
93.66 0.999772893522 0.99999996547
93.71 0.999773135752 0.999999965544
93.76 0.999773377596 0.999999965617
93.81 0.999773619053 0.99999996569
93.86 0.999773860124 0.999999965763
93.91 0.99977410081 0.999999965836
93.96 0.999774341113 0.999999965909
94.01 0.999774581032 0.999999965981
94.06 0.999774820569 0.999999966054
94.11 0.999775059724 0.999999966126
94.16 0.999775298498 0.999999966198
94.21 0.999775536893 0.999999966269
94.26 0.999775774908 0.999999966341
94.31 0.999776012545 0.999999966412
94.36 0.999776249805 0.999999966483
94.41 0.999776486687 0.999999966554
94.46 0.999776723194 0.999999966625
94.51 0.999776959326 0.999999966695
94.56 0.999777195083 0.999999966766
94.61 0.999777430466 0.999999966836
94.66 0.999777665477 0.999999966906
94.71 0.999777900116 0.999999966976
94.76 0.999778134384 0.999999967046
94.81 0.999778368281 0.999999967115
94.86 0.999778601809 0.999999967184
94.91 0.999778834967 0.999999967253
94.96 0.999779067758 0.999999967322
95.01 0.999779300181 0.999999967391
95.06 0.999779532238 0.99999996746
95.11 0.999779763929 0.999999967528
95.16 0.999779995255 0.999999967596
95.21 0.999780226216 0.999999967664
95.26 0.999780456815 0.999999967732
95.31 0.99978068705 0.9999999678
95.36 0.999780916924 0.999999967867
95.41 0.999781146436 0.999999967935
95.46 0.999781375588 0.999999968002
95.51 0.99978160438 0.999999968069
95.56 0.999781832814 0.999999968135
95.61 0.999782060889 0.999999968202
95.66 0.999782288606 0.999999968268
95.71 0.999782515967 0.999999968335
95.76 0.999782742972 0.999999968401
95.81 0.999782969622 0.999999968467
95.86 0.999783195918 0.999999968532
95.91 0.999783421859 0.999999968598
95.96 0.999783647448 0.999999968663
96.01 0.999783872684 0.999999968729
96.06 0.999784097569 0.999999968794
96.11 0.999784322103 0.999999968859
96.16 0.999784546287 0.999999968923
96.21 0.999784770122 0.999999968988
96.26 0.999784993608 0.999999969052
96.31 0.999785216746 0.999999969116
96.36 0.999785439537 0.999999969181
96.41 0.999785661982 0.999999969244
96.46 0.999785884081 0.999999969308
96.51 0.999786105835 0.999999969372
96.56 0.999786327244 0.999999969435
96.61 0.99978654831 0.999999969498
96.66 0.999786769033 0.999999969561
96.71 0.999786989414 0.999999969624
96.76 0.999787209454 0.999999969687
96.81 0.999787429153 0.99999996975
96.86 0.999787648511 0.999999969812
96.91 0.999787867531 0.999999969874
96.96 0.999788086211 0.999999969936
97.01 0.999788304554 0.999999969998
97.06 0.99978852256 0.99999997006
97.11 0.999788740229 0.999999970122
97.16 0.999788957562 0.999999970183
97.21 0.99978917456 0.999999970244
97.26 0.999789391223 0.999999970306
97.31 0.999789607553 0.999999970367
97.36 0.999789823549 0.999999970427
97.41 0.999790039213 0.999999970488
97.46 0.999790254546 0.999999970549
97.51 0.999790469547 0.999999970609
97.56 0.999790684218 0.999999970669
97.61 0.999790898559 0.999999970729
97.66 0.999791112571 0.999999970789
97.71 0.999791326255 0.999999970849
97.76 0.999791539611 0.999999970908
97.81 0.99979175264 0.999999970968
97.86 0.999791965343 0.999999971027
97.91 0.99979217772 0.999999971086
97.96 0.999792389772 0.999999971145
98.01 0.999792601499 0.999999971204
98.06 0.999792812903 0.999999971263
98.11 0.999793023984 0.999999971321
98.16 0.999793234743 0.99999997138
98.21 0.999793445179 0.999999971438
98.26 0.999793655295 0.999999971496
98.31 0.99979386509 0.999999971554
98.36 0.999794074566 0.999999971612
98.41 0.999794283722 0.99999997167
98.46 0.99979449256 0.999999971727
98.51 0.99979470108 0.999999971784
98.56 0.999794909283 0.999999971842
98.61 0.999795117169 0.999999971899
98.66 0.99979532474 0.999999971956
98.71 0.999795531995 0.999999972012
98.76 0.999795738935 0.999999972069
98.81 0.999795945562 0.999999972125
98.86 0.999796151875 0.999999972182
98.91 0.999796357876 0.999999972238
98.96 0.999796563564 0.999999972294
99.01 0.999796768941 0.99999997235
99.06 0.999796974007 0.999999972406
99.11 0.999797178763 0.999999972461
99.16 0.99979738321 0.999999972517
99.21 0.999797587347 0.999999972572
99.26 0.999797791176 0.999999972628
99.31 0.999797994697 0.999999972683
99.36 0.999798197912 0.999999972738
99.41 0.99979840082 0.999999972792
99.46 0.999798603421 0.999999972847
99.51 0.999798805718 0.999999972902
99.56 0.99979900771 0.999999972956
99.61 0.999799209398 0.99999997301
99.66 0.999799410783 0.999999973064
99.71 0.999799611865 0.999999973118
99.76 0.999799812645 0.999999973172
99.81 0.999800013123 0.999999973226
99.86 0.9998002133 0.99999997328
99.91 0.999800413177 0.999999973333
99.96 0.999800612754 0.999999973386
